ISS (ZARYA)             
1 25544U 98067A   21354.57873749  .00006750  00000+0  13050-3 0  9994
2 25544  51.6428 141.0681 0004390 337.5387 115.4687 15.49016633  7484
AEROCUBE 12A            
1 43556U 18046C   21353.85911204  .00009774  00000+0  30808-3 0  9994
2 43556  51.6400 334.9227 0007945 105.6838 254.5021 15.33507408  1711
AEROCUBE 12B            
1 43557U 18046D   21353.51694604  .00007348  00000+0  24077-3 0  9996
2 43557  51.6402 339.3386 0008066 104.3066 255.8811 15.32658503  1570
LEMUR-2-VU              
1 43558U 18046E   21354.15982886  .00019324  00000+0  53955-3 0  9994
2 43558  51.6408 322.2135 0007231 111.9170 248.2582 15.36706092  1902
LEMUR-2-ALEXANDER       
1 43559U 18046F   21354.50302287  .00025012  00000+0  68758-3 0  9993
2 43559  51.6410 319.2808 0007183 113.9938 246.1798 15.37027108  1753
LEMUR-2-YUASA           
1 43560U 18046G   21354.45788001  .00025094  00000+0  69713-3 0  9993
2 43560  51.6407 321.2023 0007162 125.4078 234.7575 15.36697538  1949
LEMUR-2-TOMHENDERSON    
1 43561U 18046H   21354.32866908  .00023255  00000+0  65840-3 0  9997
2 43561  51.6410 323.3110 0007395 121.8368 238.3335 15.36150508  1466
ISS DEB (SEDA-AP)       
1 43870U 98067PU  21354.50814233  .00031825  00000+0  29762-3 0  9990
2 43870  51.6348  69.2777 0003390 318.9824  41.0917 15.66960577  0742
ISS DEB                 
1 44303U 98067QA  21354.48037007  .00045612  00000+0  45611-3 0  9995
2 44303  51.6374  94.8717 0004348 232.0769 127.9834 15.65107356  5683
ISS DEB                 
1 44306U 98067QD  21354.51597147  .00050907  00000+0  48046-3 0  9996
2 44306  51.6358  92.7176 0005148 231.7538 128.2995 15.66502597  5727
RED-EYE 1 (PINOT)       
1 44364U 98067QJ  21354.51908260  .00044247  00000+0  44799-3 0  9993
2 44364  51.6385  95.8838 0005725 227.0031 133.0485 15.64800362  1269
KRAKSAT                 
1 44427U 98067QM  21354.42810010  .00238844  32551-4  70029-3 0  9992
2 44427  51.6334  63.3790 0005460 342.3793 103.1172 15.92270895  0793
RWASAT-1                
1 44790U 98067QV  21353.73520979  .00013194  00000+0  11951-3 0  9997
2 44790  51.6373 102.9591 0005833 273.6809 236.7037 15.68414860  8430
AQT-D                   
1 44791U 98067QW  21354.33677621  .00079682  00000+0  66859-3 0  9993
2 44791  51.6343  99.9166 0005313 253.9357 106.1055 15.69206172  8530
NARSSCUBE-1             
1 44792U 98067QX  21354.44062195  .06956315  12304-4  10412-2 0  9991
2 44792  51.6157  69.3651 0005946 349.2434  10.8461 16.33510858  8949
STPSAT-4                
1 45043U 98067QY  21354.44071265  .00033721  00000+0  43662-3 0  9999
2 45043  51.6402 123.8492 0004683 245.6357 114.4147 15.58560138  7460
HARP                    
1 45256U 98067QZ  21354.05230595  .00090091  00000+0  75277-3 0  9995
2 45256  51.6415 108.6030 0005720 259.9713 100.0639 15.69254324  4302
1998-067RA              
1 45257U 98067RA  21354.32862432  .00071050  00000+0  68174-3 0  9999
2 45257  51.6352 111.0516 0006159 252.5262 107.5061 15.65945423  4297
PHOENIX                 
1 45258U 98067RB  21353.97497727  .00044011  00000+0  47772-3 0  9999
2 45258  51.6367 116.9547 0005261 229.1113 130.9426 15.63034989  4154
1998-067RC              
1 45259U 98067RC  21354.52127866  .00219947  00000+0  10952-2 0  9997
2 45259  51.6300  94.9985 0005745 290.3078  69.7306 15.80708446  4522
RADSAT-U                
1 45262U 98067RF  21354.46628057  .00077131  00000+0  71067-3 0  9994
2 45262  51.6411 109.1098 0005252 281.1689  78.8717 15.66926563  4345
QARMAN                  
1 45263U 98067RG  21354.51166700  .00246100  00000+0  11998-2 0  9993
2 45263  51.6327  95.6845 0005425 285.7396  74.3008 15.81097077  4540
SORTIE                  
1 45264U 98067RH  21354.35735881  .00039545  00000+0  49180-3 0  9996
2 45264  51.6397 121.1014 0006339 249.1368 110.8946 15.59540431  4166
ICS-EF (ISS DEB)        
1 45265U 98067RJ  21353.86875259  .00014647  00000+0  22198-3 0  9992
2 45265  51.6389 132.7598 0004726 238.6901 121.3627 15.54871885  3647
G-SAT                   
1 45597U 98067RK  21354.50650973  .00082861  00000+0  75286-3 0  9995
2 45597  51.6372 110.7881 0003801 295.0740  64.9861 15.67250111 93680
QUETZAL-1               
1 45598U 98067RL  21354.48514176  .00156698  00000+0  10251-2 0  9997
2 45598  51.6362 104.6035 0003124 304.3391  55.7312 15.74799441 93699
RED-EYE 2 (MERLOT)      
1 45800U 98067RM  21354.22141904  .00021728  00000+0  30074-3 0  9991
2 45800  51.6404 128.4236 0001203 229.6252 130.4635 15.57037792 85594
RED-EYE 3 (CABERNET)    
1 45809U 98067RN  21354.47791417  .00028732  00000+0  39502-3 0  9994
2 45809  51.6403 127.1378 0001624 221.9805 138.1062 15.57047351 84614
DEMI                    
1 45916U 98067RP  21354.06261354  .00118849  00000+0  90224-3 0  9997
2 45916  51.6381 111.5920 0002738 245.7678 114.3034 15.71451226 81772
SPOC                    
1 46921U 98067RR  21354.09213139  .00039939  00000+0  47962-3 0  9998
2 46921  51.6389 126.8288 0000676  77.0925 283.0144 15.60474757 63771
BOBCAT-1                
1 46922U 98067RS  21354.36975794  .00099045  00000+0  93260-3 0  9997
2 46922  51.6402 119.7185 0000354 257.2119 102.8837 15.66294909 63856
NEUTRON-1               
1 46923U 98067RT  21354.31534722  .00052013  00000+0  62381-3 0  9999
2 46923  51.6394 126.0702 0000807 104.2702 255.8381 15.60391243 63839
1998-067RU              
1 46924U 98067RU  21354.51348917  .00776390  27345-3  18391-2 0  9998
2 46924  51.6257 102.4172 0007181 332.3403  27.7222 15.96120341 64122
LEMUR-2-BAXTER-OLIVER   
1 46925U 98067RV  21354.50774834  .11296266  12432-4  10085-2 0  9994
2 46925  51.6322  96.4191 0005032 349.2763  10.8155 16.38239480 64173
LEMUR-2-DJARA           
1 46926U 98067RW  21354.14770771  .00498755  10796-3  14618-2 0  9992
2 46926  51.6370 105.3857 0007763   0.9740 359.1281 15.92124800 64048
DESCENT                 
1 46927U 98067RX  21354.38092597  .00053695  00000+0  64052-3 0  9993
2 46927  51.6397 125.7548 0001345 126.6511 233.4606 15.60518465 63754
ISS DEB                 
1 47853U 98067RZ  21353.81118300  .00005560  00000+0  10301-3 0  9996
2 47853  51.6417 142.9227 0002940  66.0702 294.0595 15.50643842 44017
RSP-01                  
1 47925U 98067SB  21354.12661481  .00048070  00000+0  62971-3 0  9997
2 47925  51.6404 134.5471 0000708 328.8902  31.2048 15.58093556 43654
TAUSAT-1                
1 47926U 98067SC  21354.01586408  .00062802  00000+0  74630-3 0  9995
2 47926  51.6383 133.0408 0001379 326.0446  34.0459 15.60552131 43652
TSURU                   
1 47927U 98067SD  21354.37391364  .00048530  00000+0  65518-3 0  9997
2 47927  51.6397 133.9480 0000861 341.0829  19.0131 15.57283443 43680
STARS-EC                
1 47928U 98067SE  21353.88936629  .00073240  00000+0  86313-3 0  9994
2 47928  51.6385 134.4486 0002991 104.2653 255.8673 15.60702256 43616
MMSATS-1                
1 47976U 98067SJ  21354.22188864  .00009374  00000+0  15975-3 0  9999
2 47976  51.6423 139.6366 0002446  77.0489 283.0780 15.52108554 42371
TIANHE                  
1 48274U 21035A   21354.42454861  .00012117  00000+0  14857-3 0  9994
2 48274  41.4688 227.8263 0005121 257.6004 102.7490 15.60155880 36822
TIANZHOU-2              
1 48803U 21046A   21352.90688855  .00009175  00000+0  11370-3 0  9994
2 48803  41.4700 237.0540 0005144 254.2156 211.0777 15.60113540 36584
RAMSAT                  
1 48850U 98067SL  21354.12659899  .00030561  00000+0  47403-3 0  9994
2 48850  51.6402 139.7620 0004088 118.5962 241.5441 15.53717206 29330
SOAR                    
1 48851U 98067SM  21354.10050546  .00113882  00000+0  11628-2 0  9994
2 48851  51.6349 134.3049 0002722 166.5740 193.5328 15.64194055 29442
BD-28                   
1 48867U 98067SN  21354.22559910  .00039019  00000+0  59073-3 0  9999
2 48867  51.6393 138.9221 0003299 154.4479 205.6675 15.54266413 28104
MIR-SAT 1               
1 48868U 98067SP  21354.13276132  .00077046  00000+0  98666-3 0  9995
2 48868  51.6387 137.5519 0002289 156.9710 203.1385 15.58495185 28145
ISS (NAUKA)             
1 49044U 21066A   21353.55051270 -.00021572  00000+0 -38473-3 0  9991
2 49044  51.6390 146.1522 0004431 333.7644 141.6223 15.48970710  7327
TIANZHOU-3              
1 49222U 21085A   21352.90688855  .00009175  00000+0  11370-3 0  9993
2 49222  41.4700 237.0540 0005144 254.2156 211.0777 15.60113540 36580
SOYUZ-MS 19             
1 49269U 21089A   21353.55051270 -.00021572  00000+0 -38473-3 0  9995
2 49269  51.6390 146.1522 0004431 333.7644 141.6223 15.48970710  7326
FREGAT DEB              
1 49271U 11037PF  21354.05611120  .00089333  00000+0  53135+0 0  9997
2 49271  51.5635 356.5594 0910911  36.2997 329.6249 11.70732764 25969
BINAR-1                 
1 49272U 98067SR  21354.45691718  .00034910  00000+0  57197-3 0  9998
2 49272  51.6402 140.4552 0004126  11.7936 348.3149 15.52127076 11746
MAYA-3                  
1 49273U 98067SS  21354.12453661  .00037542  00000+0  60459-3 0  9995
2 49273  51.6399 141.9858 0003763   4.9156 355.1871 15.52574060 11692
MAYA-4                  
1 49274U 98067ST  21354.44861208  .00043148  00000+0  69399-3 0  9992
2 49274  51.6402 140.4002 0003718   4.4429 355.6593 15.52545051 11741
CUAVA-1                 
1 49275U 98067SU  21354.45596694  .00022390  00000+0  36500-3 0  9992
2 49275  51.6405 140.3172 0003541  21.0054  37.9627 15.52520789 11698
CAPSAT                  
1 49276U 98067SV  21353.83828329  .00031420  00000+0  52524-3 0  9995
2 49276  51.6397 143.8199 0004509  22.7678 337.3511 15.51616540 10701
1998-067SW              
1 49277U 98067SW  21354.47565723  .00040092  00000+0  66019-3 0  9992
2 49277  51.6395 140.5744 0005041  18.6313 341.4861 15.51916368 10774
1998-067SX              
1 49278U 98067SX  21354.41435089  .00107923  00000+0  15789-2 0  9992
2 49278  51.6391 140.1684 0003960 357.0842   3.0125 15.54750221 10798
SHENZHOU-13 (SZ-13)     
1 49326U 21092A   21352.90688855  .00009175  00000+0  11370-3 0  9996
2 49326  41.4700 237.0540 0005144 254.2156 211.0777 15.60113540 36585
PROGRESS-MS 18          
1 49379U 21098A   21353.55051270 -.00021572  00000+0 -38473-3 0  9997
2 49379  51.6390 146.1522 0004431 333.7644 141.6223 15.48970710  7328
CREW DRAGON 3           
1 49407U 21103A   21353.55051270 -.00021572  00000+0 -38473-3 0  9996
2 49407  51.6390 146.1522 0004431 333.7644 141.6223 15.48970710  7320
ISS (PRICHAL)           
1 49499U 21111A   21353.55051270 -.00021572  00000+0 -38473-3 0  9996
2 49499  51.6390 146.1522 0004431 333.7644 141.6223 15.48970710  7321
SOYUZ-MS 20             
1 49922U 21119A   21353.55051270 -.00021572  00000+0 -38473-3 0  9995
2 49922  51.6390 146.1522 0004431 333.7644 141.6223 15.48970710  7322

