STARLINK-1007           
1 44713U 19074A   21354.48264790  .00001100  00000+0  92722-4 0  9992
2 44713  53.0507 260.8937 0002540  68.3380 291.7880 15.06404198116770
STARLINK-1008           
1 44714U 19074B   21354.12976439  .00001756  00000+0  13678-3 0  9993
2 44714  53.0554 262.4681 0002243  68.4589 291.6639 15.06394817116721
STARLINK-1009           
1 44715U 19074C   21354.45043631  .00000612  00000+0  60017-4 0  9999
2 44715  53.0547 261.0231 0002368  71.1141 289.0104 15.06390267116760
STARLINK-1010           
1 44716U 19074D   21354.46885321  .00007583  00000+0  52726-3 0  9992
2 44716  53.0552 260.9422 0002286  72.9297 287.1943 15.06410874116753
STARLINK-1011           
1 44717U 19074E   21353.80355525 -.00001100  00000+0 -54938-4 0  9997
2 44717  53.0549 283.9180 0002165  61.2734 298.8472 15.06395168116225
STARLINK-1012           
1 44718U 19074F   21353.90859431  .00006620  00000+0  46272-3 0  9995
2 44718  53.0539 263.4557 0002515  64.8589 295.2660 15.06414577116510
STARLINK-1013           
1 44719U 19074G   21354.04865755  .00001669  00000+0  13094-3 0  9992
2 44719  53.0557 262.8195 0001978  65.3137 294.8058 15.06403211116709
STARLINK-1014           
1 44720U 19074H   21354.13344392  .00001203  00000+0  99667-4 0  9998
2 44720  53.0539 262.4450 0002284  65.4317 294.6910 15.06401337116727
STARLINK-1015           
1 44721U 19074J   21354.45412670  .00006889  00000+0  48078-3 0  9993
2 44721  53.0532 260.9923 0002320  64.7252 295.3977 15.06411474116768
STARLINK-1016           
1 44722U 19074K   21354.12607017  .00002007  00000+0  15365-3 0  9990
2 44722  53.0549 262.4767 0002843  59.8642 300.2628 15.06398279116720
STARLINK-1017           
1 44723U 19074L   21354.14080776  .00001196  00000+0  99198-4 0  9995
2 44723  53.0561 262.4214 0002355  69.7741 290.3501 15.06399891116720
STARLINK-1019           
1 44724U 19074M   21354.17029490  .00002014  00000+0  15410-3 0  9999
2 44724  53.0549 262.2824 0002130  68.7729 291.3488 15.06401458116726
STARLINK-1020           
1 44725U 19074N   21354.10946760  .00001550  00000+0  12292-3 0  9990
2 44725  53.0546 282.5460 0002033  65.9750 294.1451 15.06410680116436
STARLINK-1021           
1 44726U 19074P   21354.23296006  .00014889  00000+0  10157-2 0  9992
2 44726  53.0541 262.0098 0002228  71.0191 289.1039 15.06422866116733
STARLINK-1022           
1 44727U 19074Q   21354.13617552  .00002297  00000+0  17304-3 0  9997
2 44727  53.0613 302.4083 0002064  61.0722 299.0474 15.06405921116178
STARLINK-1023           
1 44728U 19074R   21354.34851302  .11407015  11984-4  26659-2 0  9993
2 44728  53.0564 197.0620 0011926 249.1406 111.0187 16.28816035117659
STARLINK-1024           
1 44729U 19074S   21353.80897290  .00010282  00000+0  66912-3 0  9993
2 44729  53.0013 279.9252 0002613  73.8250 286.3027 15.08505587116250
STARLINK-1026           
1 44731U 19074U   21354.11131550  .00002078  00000+0  15833-3 0  9991
2 44731  53.0536 262.5431 0002536  62.6301 297.4945 15.06410665116710
STARLINK-1027           
1 44732U 19074V   21353.83302848 -.00001171  00000+0 -59706-4 0  9993
2 44732  53.0543 283.7958 0002123  62.3232 297.7973 15.06414866116227
STARLINK-1028           
1 44733U 19074W   21354.22927062  .00001051  00000+0  89436-4 0  9997
2 44733  53.0545 262.0215 0002525  60.6876 299.4365 15.06404283116739
STARLINK-1029           
1 44734U 19074X   21354.50941895  .00001324  00000+0  10779-3 0  9995
2 44734  53.0552 180.7411 0002451  82.9502 277.1765 15.06398024117871
STARLINK-1030           
1 44735U 19074Y   21353.84040969  .00001497  00000+0  11940-3 0  9996
2 44735  53.0535 283.7688 0002258  63.2539 296.8680 15.06401623116222
STARLINK-1031           
1 44736U 19074Z   21354.12052956  .00003625  00000+0  26209-3 0  9997
2 44736  53.0552 282.5107 0002058  67.1048 293.0158 15.06408625116443
STARLINK-1032           
1 44737U 19074AA  21354.33064393  .00004874  00000+0  34581-3 0  9998
2 44737  53.0547 281.5690 0002143  57.8206 302.2991 15.06406643116470
STARLINK-1033           
1 44738U 19074AB  21354.31588703  .00001440  00000+0  11553-3 0  9993
2 44738  53.0538 281.6151 0002259  66.1680 293.9546 15.06404252116466
STARLINK-1052           
1 44739U 19074AC  21353.51290415  .00007922  00000+0  52045-3 0  9997
2 44739  52.9990 281.6977 0002026  85.6880 274.4340 15.08466470116191
STARLINK-1035           
1 44740U 19074AD  21354.12791573  .00000841  00000+0  75391-4 0  9991
2 44740  53.0551 282.4685 0001927  70.2508 289.8689 15.06393434116440
STARLINK-1036           
1 44741U 19074AE  21354.27166325  .00001656  00000+0  13009-3 0  9991
2 44741  53.0543 281.8235 0002107  63.3650 296.7555 15.06396160116468
STARLINK-1037           
1 44742U 19074AF  21354.31061070  .00016987  00000+0  10606-2 0  9990
2 44742  52.9970 274.1869 0001281  69.1897 290.9229 15.09597418116543
STARLINK-1038           
1 44743U 19074AG  21353.59160458  .00001018  00000+0  87200-4 0  9995
2 44743  53.0539 304.8736 0001804  61.6951 298.4220 15.06403125116003
STARLINK-1039           
1 44744U 19074AH  21354.33247839  .00001769  00000+0  13760-3 0  9990
2 44744  53.0543 301.5522 0001952  60.2112 299.9071 15.06402854116192
STARLINK-1041           
1 44746U 19074AK  21354.11869359  .00003159  00000+0  23087-3 0  9993
2 44746  53.0560 302.5029 0001909  62.9388 297.1796 15.06404700116165
STARLINK-1042           
1 44747U 19074AL  21354.34721792  .00000471  00000+0  50542-4 0  9998
2 44747  53.0538 301.4819 0002014  60.1031 300.0158 15.06407290116207
STARLINK-1043           
1 44748U 19074AM  21354.24401506  .00002456  00000+0  18367-3 0  9999
2 44748  53.0550 301.9443 0002292  55.2616 304.8588 15.06409759116180
STARLINK-1046           
1 44751U 19074AQ  21354.25876274  .00002055  00000+0  15679-3 0  9990
2 44751  53.0551 301.8918 0002021  64.4976 295.6222 15.06401921116187
STARLINK-1047           
1 44752U 19074AR  21354.07998340  .00002728  00000+0  20191-3 0  9992
2 44752  53.0545 282.6735 0002535  57.2736 302.8498 15.06410198116438
STARLINK-1048           
1 44753U 19074AS  21354.15187006  .00010771  00000+0  74058-3 0  9999
2 44753  53.0522 262.3692 0002379  67.2776 292.8464 15.06416291116725
STARLINK-1049           
1 44754U 19074AT  21354.08920466  .00001813  00000+0  14058-3 0  9998
2 44754  53.0553 262.6502 0002457  68.7949 291.3302 15.06403583116712
STARLINK-1050           
1 44755U 19074AU  21354.13986714  .00000903  00000+0  79545-4 0  9995
2 44755  53.0515 302.4349 0002115  54.4708 305.6477 15.06396872116173
STARLINK-1051           
1 44756U 19074AV  21354.31171645  .11367391  12138-4  26442-2 0  9990
2 44756  53.0268 163.8503 0005448 326.1844  36.6435 16.29058133118114
STARLINK-1034           
1 44757U 19074AW  21353.82566119  .00001697  00000+0  13283-3 0  9992
2 44757  53.0559 283.8221 0002495  62.1352 297.9890 15.06400586116222
STARLINK-1053           
1 44758U 19074AX  21354.16566934  .00001598  00000+0  12615-3 0  9994
2 44758  53.0568 302.2942 0002026  58.7444 301.3744 15.06394105116173
STARLINK-1054           
1 44759U 19074AY  21354.15555466  .00002346  00000+0  17630-3 0  9996
2 44759  53.0559 302.3574 0002088  62.4920 297.6281 15.06407726116172
STARLINK-1055           
1 44760U 19074AZ  21354.14082580 -.00000682  00000+0 -26892-4 0  9993
2 44760  53.0537 302.4071 0001948  60.7592 299.3591 15.06383316116174
STARLINK-1056           
1 44761U 19074BA  21354.15186275  .00001109  00000+0  93340-4 0  9996
2 44761  53.0550 302.3634 0001959  55.8753 304.2421 15.06399779116178
STARLINK-1057           
1 44762U 19074BB  21354.22005680  .00002319  00000+0  17454-3 0  9990
2 44762  53.0534 282.0524 0002339  56.3196 303.8016 15.06406436116458
STARLINK-1058           
1 44763U 19074BC  21354.17397982  .00002318  00000+0  17444-3 0  9992
2 44763  53.0558 302.2716 0002092  64.7088 295.4118 15.06406592116173
STARLINK-1059           
1 44764U 19074BD  21354.21637121  .00004720  00000+0  33558-3 0  9993
2 44764  53.0549 282.0779 0001737  71.5357 288.5820 15.06395980116450
STARLINK-1060           
1 44765U 19074BE  21353.83671675  .00000537  00000+0  54987-4 0  9995
2 44765  53.0546 283.7711 0001866  66.4721 293.6464 15.06398815116229
STARLINK-1061           
1 44766U 19074BF  21354.36565896  .00006025  00000+0  42286-3 0  9998
2 44766  53.0536 301.3905 0002042  70.2395 289.8814 15.06418101116203
STARLINK-1062           
1 44767U 19074BG  21354.15923700  .00001531  00000+0  12166-3 0  9999
2 44767  53.0547 302.3235 0001967  54.4010 305.7162 15.06395247116171
STARLINK-1063           
1 44768U 19074BH  21354.18135171  .00002599  00000+0  19326-3 0  9990
2 44768  53.0540 302.2290 0002015  59.3167 300.8021 15.06406701116175
STARLINK-1064           
1 44769U 19074BJ  21354.06014093  .00084036  00000+0  94869-3 0  9998
2 44769  53.0561 262.5511 0001888  32.8818 327.2312 15.61797179116707
STARLINK-1065           
1 44770U 19074BK  21354.21429352  .00014705  00000+0  92231-3 0  9992
2 44770  53.0032 295.0161 0001041  88.0974 272.0135 15.09537033116254
STARLINK-1067           
1 44771U 19074BL  21354.17029065  .00002252  00000+0  16999-3 0  9996
2 44771  53.0549 302.2788 0002017  61.1898 298.9294 15.06407286116172
STARLINK-1068           
1 44772U 19074BM  21354.16108382 -.00000342  00000+0 -40111-5 0  9991
2 44772  53.0552 282.3251 0002330  65.4100 294.7132 15.06398520116446
STARLINK-1073           
1 44914U 20001A   21354.50941192  .00002170  00000+0  16451-3 0  9990
2 44914  53.0546  60.7594 0001069  92.9471 267.1640 15.06395384107701
STARLINK-1084           
1 44915U 20001B   21353.61003465  .00001006  00000+0  86448-4 0  9995
2 44915  53.0546  64.7951 0001313  82.4077 277.7061 15.06401391107576
STARLINK-1098           
1 44917U 20001D   21353.68005430  .00000669  00000+0  63788-4 0  9994
2 44917  53.0547  64.4861 0001039  84.6229 275.4879 15.06408199107580
STARLINK-1099           
1 44918U 20001E   21353.69113256  .00001426  00000+0  11463-3 0  9996
2 44918  53.0561  64.4429 0001214  85.7258 274.3870 15.06399411108324
STARLINK-1071           
1 44934U 20001W   21354.17582720  .00002004  00000+0  15338-3 0  9992
2 44934  53.0549  42.2569 0001392  89.5150 270.5998 15.06405366107939
STARLINK-1079           
1 44937U 20001Z   21354.41909731  .00012827  00000+0  87800-3 0  9994
2 44937  53.0542  41.1695 0001557  72.4818 287.6341 15.06419600107979
STARLINK-1082           
1 44938U 20001AA  21353.85514256  .00001652  00000+0  12976-3 0  9992
2 44938  53.0557  43.6947 0001235  72.9181 287.1943 15.06407692107885
STARLINK-1083           
1 44939U 20001AB  21354.45964282  .00003527  00000+0  25550-3 0  9993
2 44939  53.0542  40.9865 0001444  72.1774 287.9373 15.06406960107973
STARLINK-1091           
1 44940U 20001AC  21354.47069439  .00003810  00000+0  27449-3 0  9991
2 44940  53.0555  40.9296 0001400  72.9471 287.1671 15.06406885107970
STARLINK-1094           
1 44941U 20001AD  21354.49281151 -.00000278  00000+0  26325-6 0  9992
2 44941  53.0560  40.8323 0001380  62.7803 297.3326 15.06401649107984
STARLINK-1096           
1 44942U 20001AE  21354.41171989  .00001250  00000+0  10278-3 0  9999
2 44942  53.0549  41.1993 0001473  72.8144 287.3006 15.06401521107974
STARLINK-1066           
1 44954U 20001AS  21354.46147959  .00008086  00000+0  56092-3 0  9995
2 44954  53.0533  20.9712 0001675  66.9298 293.1868 15.06414269108203
STARLINK-1069           
1 44955U 20001AT  21354.46885747  .00006665  00000+0  46570-3 0  9991
2 44955  53.0555  20.9513 0001548  64.6901 295.4248 15.06419092108208
STARLINK-1070           
1 44956U 20001AU  21354.06709141  .00001429  00000+0  11480-3 0  9996
2 44956  53.0558  22.7499 0001492  66.2249 293.8897 15.06404698108204
STARLINK-1074           
1 44957U 20001AV  21354.42462143  .00002906  00000+0  21382-3 0  9998
2 44957  53.0554  21.1471 0001460  65.9433 294.1709 15.06408991108251
STARLINK-1076           
1 44959U 20001AX  21354.43937047  .00002491  00000+0  18603-3 0  9992
2 44959  53.0537  21.0831 0001683  61.6553 298.4605 15.06401429108257
STARLINK-1080           
1 44961U 20001AZ  21353.78327284 -.00000471  00000+0 -12691-4 0  9998
2 44961  53.0553  24.0210 0001618  55.7284 304.3858 15.06406880108168
STARLINK-1085           
1 44963U 20001BB  21354.46960318  .00014277  00000+0  91005-3 0  9999
2 44963  53.0002  16.1277 0000533  93.5035 266.6015 15.08966927109030
STARLINK-1086           
1 44964U 20001BC  21354.07814895  .00005085  00000+0  35996-3 0  9999
2 44964  53.0540  22.6956 0001377  67.6991 292.4143 15.06408938108202
STARLINK-1088           
1 44966U 20001BE  21354.49833988  .00001604  00000+0  12649-3 0  9994
2 44966  53.0560  20.8076 0001231  64.8648 295.2469 15.06407658108262
STARLINK-1089           
1 44967U 20001BF  21354.12238505 -.00000197  00000+0  56967-5 0  9999
2 44967  53.0565  22.5030 0001469  65.9602 294.1541 15.06401109108211
STARLINK-1090           
1 44968U 20001BG  21353.78696329  .00002939  00000+0  21613-3 0  9996
2 44968  53.0551  24.0014 0001515  66.3382 293.7765 15.06401069108160
STARLINK-1092           
1 44969U 20001BH  21353.58054565  .00000924  00000+0  80911-4 0  9994
2 44969  53.0560  24.9273 0001333  69.2583 290.8549 15.06398921108126
STARLINK-1093           
1 44970U 20001BJ  21353.82381053  .00000741  00000+0  68586-4 0  9999
2 44970  53.0545  23.8456 0001233  70.7485 289.3637 15.06407068108156
