STARLINK-1102           
1 44920U 20001G   21354.50202636  .00003923  00000+0  28206-3 0  9998
2 44920  53.0555  60.7916 0001342  87.4528 272.6614 15.06407271107703
STARLINK-1103           
1 44921U 20001H   21354.45779337  .00002069  00000+0  15770-3 0  9992
2 44921  53.0498  61.0042 0001434  65.0531 295.0607 15.06410524107674
STARLINK-1104           
1 44922U 20001J   21354.15923403  .00002371  00000+0  17798-3 0  9993
2 44922  53.0542  62.3272 0001217  87.4487 272.6642 15.06404409107654
STARLINK-1106           
1 44923U 20001K   21354.45042133  .00004188  00000+0  29981-3 0  9994
2 44923  53.0542  61.0213 0001309  93.6860 266.4279 15.06409088107691
STARLINK-1111           
1 44924U 20001L   21354.50571914  .00001728  00000+0  13488-3 0  9997
2 44924  53.0554  60.7752 0001379  78.1840 281.9303 15.06397109107704
STARLINK-1112           
1 44925U 20001M   21353.72431279 -.00000712  00000+0 -28892-4 0  9990
2 44925  53.0551  64.2781 0001152  85.7161 274.3959 15.06394119107589
STARLINK-1113           
1 44926U 20001N   21354.49956005  .00002496  00000+0  19035-3 0  9992
2 44926  53.0004  60.8045 0001041  78.0261 282.0843 15.05597105108411
STARLINK-1114           
1 44927U 20001P   21353.93439719  .00001059  00000+0  89956-4 0  9993
2 44927  53.0551  63.3342 0001323  82.7485 277.3654 15.06408552107627
STARLINK-1119           
1 44928U 20001Q   21354.46148194  .00003237  00000+0  23608-3 0  9998
2 44928  53.0557  60.9853 0001299  82.2071 277.9066 15.06408327107704
STARLINK-1121           
1 44929U 20001R   21354.51308369  .00008828  00000+0  61061-3 0  9993
2 44929  53.0538  60.7349 0001363  86.5746 273.5399 15.06413442107705
STARLINK-1123           
1 44930U 20001S   21353.68375342  .00002959  00000+0  21746-3 0  9992
2 44930  53.0537  64.4681 0001173  87.2921 272.8202 15.06404373107582
STARLINK-1128           
1 44931U 20001T   21353.68284197  .00009922  00000+0  63189-3 0  9994
2 44931  53.0540  63.9881 0001472  61.1492 298.9646 15.09341140108339
STARLINK-1130 (DARKSAT) 
1 44932U 20001U   21353.93809083  .00002252  00000+0  17004-3 0  9994
2 44932  53.0549  63.3296 0001180  94.4300 265.6823 15.06401936108858
STARLINK-1144           
1 44933U 20001V   21353.69849429  .00001488  00000+0  11873-3 0  9994
2 44933  53.0556  64.4011 0001311  91.9724 268.1415 15.06401419108875
STARLINK-1100           
1 44943U 20001AF  21353.85883236  .00001060  00000+0  90051-4 0  9999
2 44943  53.0554  43.6833 0001150  70.1580 289.9533 15.06398938107888
STARLINK-1108           
1 44944U 20001AG  21354.43752093  .00008707  00000+0  60244-3 0  9996
2 44944  53.0545  41.0806 0001282  60.9969 299.1148 15.06417832107975
STARLINK-1109           
1 44945U 20001AH  21353.67084964  .00001708  00000+0  13353-3 0  9990
2 44945  53.0551  44.5183 0001318  73.4523 286.6610 15.06406323107859
STARLINK-1110           
1 44946U 20001AJ  21354.45713765  .00017619  00000+0  11192-2 0  9992
2 44946  53.0045  35.9999 0001395  59.8221 300.2907 15.08939578108022
STARLINK-1116           
1 44947U 20001AK  21354.15738749  .00002135  00000+0  16214-3 0  9997
2 44947  53.0552  42.3314 0001514  78.1241 281.9917 15.06411930107938
STARLINK-1122           
1 44949U 20001AM  21354.05050385  .00001870  00000+0  14440-3 0  9995
2 44949  53.0545  42.8297 0001202  73.0456 287.0664 15.06403444107918
STARLINK-1125           
1 44950U 20001AN  21353.86620237  .00001198  00000+0  99271-4 0  9993
2 44950  53.0548  43.6483 0001409  80.8186 279.2962 15.06400830107880
STARLINK-1126           
1 44951U 20001AP  21354.39540030  .00017791  00000+0  11350-2 0  9991
2 44951  53.0038  36.8741 0001346  54.9196 305.1920 15.08773984109294
STARLINK-1117           
1 44952U 20001AQ  21354.49650035  .00004503  00000+0  32088-3 0  9999
2 44952  53.0548  40.8161 0001279  67.9238 292.1887 15.06413357107982
STARLINK-1124           
1 44953U 20001AR  21353.85051569  .00001094  00000+0  92320-4 0  9994
2 44953  53.0492  43.7347 0001479  80.5135 279.6021 15.06398277109174
STARLINK-1107           
1 44972U 20001BL  21354.45779952  .00009446  00000+0  65188-3 0  9995
2 44972  53.0539  20.9807 0001578  64.6786 295.4367 15.06416099108261
STARLINK-1115           
1 44973U 20001BM  21354.10394887  .00001669  00000+0  13089-3 0  9990
2 44973  53.0566  22.5842 0001317  74.6226 285.4909 15.06401714108203
STARLINK-1132           
1 45044U 20006A   21353.81277047  .00000558  00000+0  56352-4 0  9997
2 45044  53.0560 343.8897 0001828  55.9533 304.1629 15.06394325104490
STARLINK-1120           
1 45045U 20006B   21353.73350472  .00001803  00000+0  13986-3 0  9992
2 45045  53.0554   4.2386 0001540  50.9485 309.1641 15.06410080104202
STARLINK-1129           
1 45046U 20006C   21353.50040113  .00010107  00000+0  65124-3 0  9994
2 45046  52.9986   0.6792 0001177  68.8624 291.2491 15.08890847104209
STARLINK-1131           
1 45047U 20006D   21353.73719639  .00001071  00000+0  90777-4 0  9999
2 45047  53.0556   4.2305 0001687  69.2644 290.8526 15.06406490104207
STARLINK-1134           
1 45048U 20006E   21353.74456633  .00003483  00000+0  25259-3 0  9994
2 45048  53.0553   4.1895 0001644  62.2363 297.8792 15.06406036104200
STARLINK-1135           
1 45049U 20006F   21353.74825845 -.00001704  00000+0 -95516-4 0  9990
2 45049  53.0561   4.1808 0001656  59.4847 300.6305 15.06402604104202
STARLINK-1140           
1 45050U 20006G   21353.75562302  .00003397  00000+0  24677-3 0  9996
2 45050  53.0550   4.1454 0001841  58.7544 301.3626 15.06408587104201
STARLINK-1141           
1 45051U 20006H   21353.73233275  .00007273  00000+0  49633-3 0  9995
2 45051  53.0538   4.0320 0001253  76.5911 283.5217 15.07168601104200
STARLINK-1148           
1 45052U 20006J   21353.76299705  .00000644  00000+0  62101-4 0  9990
2 45052  53.0551   4.1127 0001677  52.7751 307.3391 15.06407028104206
STARLINK-1155           
1 45053U 20006K   21353.74189520  .00007378  00000+0  49282-3 0  9997
2 45053  53.0011   1.7867 0001214  45.1275 314.9813 15.07946885104210
STARLINK-1156           
1 45054U 20006L   21353.75932415 -.00001577  00000+0 -86992-4 0  9995
2 45054  53.0573   4.1327 0001629  57.6085 302.5061 15.06407306104205
STARLINK-1159           
1 45057U 20006P   21353.50867447  .00000527  00000+0  54303-4 0  9996
2 45057  53.0551   5.2426 0001714  58.1584 301.9572 15.06399690104173
STARLINK-1162           
1 45058U 20006Q   21353.76668994  .00000899  00000+0  79219-4 0  9996
2 45058  53.0545   4.1020 0001623  62.8199 297.2956 15.06398166104213
STARLINK-1165           
1 45059U 20006R   21353.52342010 -.00000510  00000+0 -15349-4 0  9995
2 45059  53.0562   5.1859 0001932  65.3857 294.7333 15.06396928104176
STARLINK-1166           
1 45060U 20006S   21353.51972868  .00001058  00000+0  89916-4 0  9993
2 45060  53.0554   5.2067 0001772  58.3381 301.7781 15.06407127104177
STARLINK-1169           
1 45061U 20006T   21353.72613539  .00000470  00000+0  50447-4 0  9998
2 45061  53.0565   4.2843 0001792  58.9952 301.1213 15.06401023104200
STARLINK-1171           
1 45062U 20006U   21353.37966564  .00001425  00000+0  11457-3 0  9997
2 45062  53.0559   5.8245 0001726  57.9745 302.1412 15.06399869104153
STARLINK-1133           
1 45064U 20006W   21353.45890602  .00000834  00000+0  74883-4 0  9993
2 45064  53.0546 345.4633 0001662  59.6549 300.4604 15.06410336104444
STARLINK-1139           
1 45065U 20006X   21353.46259655  .00000868  00000+0  77182-4 0  9994
2 45065  53.0552 345.4698 0001814  57.1184 302.9979 15.06406529104441
STARLINK-1145           
1 45066U 20006Y   21353.83487363  .00002440  00000+0  18266-3 0  9990
2 45066  53.0562 343.7947 0001842  59.0860 301.0310 15.06403417104491
STARLINK-1150           
1 45067U 20006Z   21353.84962200  .00009159  00000+0  63266-3 0  9994
2 45067  53.0538 343.7118 0001984  58.6836 301.4347 15.06416701104506
STARLINK-1161           
1 45068U 20006AA  21353.70588084 -.00000355  00000+0 -49621-5 0  9996
2 45068  53.0558 344.3763 0001595  72.9304 287.1859 15.06400553104471
STARLINK-1167           
1 45071U 20006AD  21353.68375933 -.00000381  00000+0 -66667-5 0  9992
2 45071  53.0561 344.4700 0001635  60.4310 299.6842 15.06395286104471
STARLINK-1168           
1 45072U 20006AE  21353.68743882  .00000958  00000+0  83231-4 0  9998
2 45072  53.0541 344.4447 0001885  63.1627 296.9554 15.06400874104476
STARLINK-1170           
1 45073U 20006AF  21353.71323711  .00003535  00000+0  25598-3 0  9993
2 45073  53.0546 344.3248 0001715  60.4411 299.6749 15.06413085104477
STARLINK-1172           
1 45074U 20006AG  21353.69849759  .00000854  00000+0  76221-4 0  9997
2 45074  53.0565 344.4102 0002040  56.6622 303.4562 15.06398483104473
STARLINK-1174           
1 45075U 20006AH  21353.39993534  .00000667  00000+0  63652-4 0  9992
2 45075  53.0547 345.7491 0001942  63.5922 296.5266 15.06405741104434
STARLINK-1180           
1 45076U 20006AJ  21353.67270486 -.00001018  00000+0 -49477-4 0  9990
2 45076  53.0557 344.5127 0001800  55.6592 304.4567 15.06395108104479
STARLINK-1182           
1 45077U 20006AK  21353.59903371  .00073171  00000+0  12246-2 0  9997
2 45077  53.0550 310.7241 0001854  38.4581 321.6559 15.51242227104948
STARLINK-1177           
1 45078U 20006AL  21353.82381200  .00003591  00000+0  25978-3 0  9991
2 45078  53.0573 343.8396 0001634  59.2741 300.8409 15.06408118104482
STARLINK-1149           
1 45079U 20006AM  21353.46997126  .00000059  00000+0  22864-4 0  9990
2 45079  53.0548 345.4262 0001814  54.4023 305.7134 15.06404391104438
STARLINK-1153           
1 45080U 20006AN  21353.67637740  .00002081  00000+0  15854-3 0  9995
2 45080  53.0546 344.4960 0001903  58.8985 301.2190 15.06403530104477
STARLINK-1151           
1 45081U 20006AP  21353.72061757  .00002116  00000+0  16095-3 0  9998
2 45081  53.0551 344.3091 0001764  58.3867 301.7294 15.06397872104489
STARLINK-1160           
1 45082U 20006AQ  21353.70955247  .00000460  00000+0  49797-4 0  9999
2 45082  53.0542 344.3433 0001862  60.7581 299.3594 15.06397820104476
STARLINK-1190           
1 45083U 20006AR  21353.74087737  .00000660  00000+0  63164-4 0  9990
2 45083  53.0562   4.2140 0001597  64.1410 295.9743 15.06413725104202
STARLINK-1173           
1 45084U 20006AS  21353.72245219  .00001134  00000+0  95011-4 0  9993
2 45084  53.0557 324.2903 0001975  56.7454 303.3724 15.06409848104769
STARLINK-1179           
1 45085U 20006AT  21353.65242732  .00001419  00000+0  11416-3 0  9995
2 45085  53.0556 324.5945 0002021  58.1302 301.9883 15.06396803104754
STARLINK-1181           
1 45086U 20006AU  21353.92297517  .00006487  00000+0  44123-3 0  9998
2 45086  53.0034 320.7420 0001153  91.4191 268.6930 15.07466071104728
STARLINK-1185           
1 45087U 20006AV  21353.63769327  .00001430  00000+0  11489-3 0  9992
2 45087  53.0554 324.6629 0001753  56.0570 304.0586 15.06396853104758
STARLINK-1183           
1 45088U 20006AW  21353.92518135  .00006510  00000+0  45534-3 0  9996
2 45088  53.0548 323.3894 0001925  61.7900 298.3283 15.06413376104796
STARLINK-1136           
1 45089U 20006AX  21353.65885502  .00000843  00000+0  75508-4 0  9990
2 45089  53.0549 324.5346 0001742  68.3332 291.7842 15.06401801104767
STARLINK-1176           
1 45090U 20006AY  21353.64505101  .00000547  00000+0  55610-4 0  9998
2 45090  53.0556 324.6369 0002289  51.3616 308.7578 15.06405422104754
STARLINK-1137           
1 45092U 20006BA  21353.81829026  .00000321  00000+0  40487-4 0  9990
2 45092  53.0561 323.8660 0002133  63.1953 296.9254 15.06398216104773
STARLINK-1142           
1 45093U 20006BB  21353.61555746  .00001514  00000+0  12052-3 0  9995
2 45093  53.0558 324.7713 0001943  63.6053 296.5135 15.06411531104740
STARLINK-1146           
1 45094U 20006BC  21353.63030829  .00001119  00000+0  94025-4 0  9990
2 45094  53.0571 324.6959 0001829  56.0755 304.0408 15.06400061104750
STARLINK-1147           
1 45095U 20006BD  21353.63398692  .00000635  00000+0  61553-4 0  9998
2 45095  53.0565 324.6947 0002099  58.4992 301.6201 15.06407354104756
STARLINK-1152           
1 45096U 20006BE  21353.62661865  .00000278  00000+0  37557-4 0  9993
2 45096  53.0560 324.7328 0001932  59.5791 300.5389 15.06403286104744
STARLINK-1184           
1 45098U 20006BG  21353.40916558 -.00001813  00000+0 -10286-3 0  9990
2 45098  53.0562 325.7054 0001919  59.1418 300.9759 15.06388720104719
STARLINK-1186           
1 45099U 20006BH  21353.90674885  .00000734  00000+0  68144-4 0  9996
2 45099  53.0570 323.4557 0001918  52.9988 307.1176 15.06405226104795
STARLINK-1193           
1 45100U 20006BJ  21353.40546248  .00000751  00000+0  69329-4 0  9990
2 45100  53.0545 325.6997 0001809  59.9503 300.1665 15.06406961104716
STARLINK-1194           
1 45101U 20006BK  21353.33543355  .00000576  00000+0  57603-4 0  9996
2 45101  53.0550 326.0170 0001874  62.9145 297.2035 15.06399440104708
STARLINK-1195           
1 45102U 20006BL  21353.88832111  .00002004  00000+0  15336-3 0  9992
2 45102  53.0562 323.5570 0001816  58.6633 301.4534 15.06405530104786
STARLINK-1196           
1 45103U 20006BM  21353.72151374  .00002210  00000+0  16723-3 0  9991
2 45103  53.0548 324.3686 0002217  61.0861 299.0350 15.06401628104765
STARLINK-1138           
1 45178U 20012A   21354.50386573  .00001608  00000+0  12680-3 0  9996
2 45178  53.0537 120.7726 0001880  99.2301 260.8901 15.06419791102042
STARLINK-1143           
1 45179U 20012B   21353.84409121 -.00001308  00000+0 -68903-4 0  9997
2 45179  53.0523 123.7492 0001562  94.0348 266.0819 15.06406425102598
STARLINK-1192           
1 45180U 20012C   21354.10115727  .00001115  00000+0  93717-4 0  9990
2 45180  53.0512 122.5983 0001261 100.8728 259.2403 15.06413615101988
STARLINK-1154           
1 45198U 20012W   21354.47991991  .00003501  00000+0  25376-3 0  9990
2 45198  53.0538 100.8936 0001455 102.0578 258.0574 15.06404633102037
STARLINK-1197           
1 45199U 20012X   21354.48359175  .00002436  00000+0  18236-3 0  9997
2 45199  53.0536 100.8762 0001523 103.8548 256.2610 15.06410207102030
STARLINK-1199           
1 45201U 20012Z   21354.02654169  .00000745  00000+0  68921-4 0  9990
2 45201  53.0554 102.9351 0001134  90.7889 269.3230 15.06400496101964
STARLINK-1187           
1 45219U 20012AT  21354.47438453 -.00000067  00000+0  14370-4 0  9991
2 45219  53.0555  80.9139 0001296  94.0778 266.0359 15.06397926102304
STARLINK-1188           
1 45220U 20012AU  21354.45065633  .00602608  16363-3  14267-2 0  9991
2 45220  53.0470  21.1873 0004220  71.6493 288.4994 15.96194492103136
STARLINK-1189           
1 45221U 20012AV  21353.94729983 -.00000196  00000+0  57664-5 0  9993
2 45221  53.0556  83.2831 0001356  82.7463 277.3680 15.06395933102235
STARLINK-1191           
1 45222U 20012AW  21354.48544038  .00004956  00000+0  35127-3 0  9995
2 45222  53.0552  80.8757 0001141  89.8029 270.3091 15.06411235102312
