GAOFEN 11-3               
1 49492U 21107A   21353.61532001  .00089142  36199-5  40755-3 0  9992
2 49492  97.4551  44.2605 0313626  66.3665  82.7546 15.37198619  4528
CZ-4B R/B               
1 49493U 21107B   21353.62811512  .00325123  21763-5  47101-3 0  9996
2 49493  97.3991  45.8175 0176720  33.5292 116.0834 15.82148982  4652
ASTRA DUMMY MASS        
1 49494U 21108A   21353.53668412  .00009018  00000+0  29362-3 0  9993
2 49494  86.0072 172.9428 0048605 177.2715 182.8808 15.30497873  4478
GAOFEN 3-02             
1 49495U 21109A   21353.53475490 -.00000001  00000+0  12890-4 0  9990
2 49495  98.4135 358.4081 0001302  87.0779 273.0560 14.42218829  3834
CZ-4C R/B               
1 49496U 21109B   21353.54641217  .00000339  00000+0  57105-4 0  9995
2 49496  98.3891 359.5976 0122787 326.5710  32.7787 14.71977177  3904
NASA DART               
1 49497U 21110A   21328.27016493 -.00002228  70442-5  00000+0 0  9992
2 49497  64.7700 235.9449 0056200 158.7100 355.4000 16.00379554    07
FALCON 9 R/B            
1 49498U 21110B   21328.27016493 -.00002228  70442-5  00000+0 0  9993
2 49498  64.7700 235.9449 0056200 158.7100 355.4000 16.00379554    08
ISS (PRICHAL)           
1 49499U 21111A   21352.56953225  .00304746  00000+0  53258-2 0  9999
2 49499  51.6380 151.0053 0004327 331.9982  69.4519 15.49004231  7178
SHIYAN 11 (SY-11)       
1 49501U 21112A   21353.49338279  .00001402  00000+0  61776-4 0  9992
2 49501  97.4528 358.7614 0011475 171.7343 346.8157 15.23440668  3730
KZ-1A R/B               
1 49502U 21112B   21353.65963797  .03050426  24348-5  15752-3 0  9992
2 49502  97.4969   0.8038 0196252 247.9494 167.2260 16.03373433  3830
COSMOS 2552             
1 49503U 21113A   21353.48020918 -.00001256  00000+0  00000+0 0  9998
2 49503  63.8078  28.5652 6988014 270.0670  17.8469  2.00656336   490
FREGAT R/B              
1 49504U 21113B   21346.95913724 -.00000550  00000+0  00000+0 0  9995
2 49504  63.8206  29.1789 6970809 270.1615  17.0623  2.01566370   364
CHINASAT 1D (ZX 1D)     
1 49505U 21114A   21353.62549385 -.00000314  00000+0  00000+0 0  9995
2 49505   1.9243 281.7461 0000479 209.9741 312.0715  1.00273351   387
CZ-3B R/B               
1 49506U 21114B   21353.34195838  .00107112  45157-6  38826-3 0  9998
2 49506  26.9584 304.2215 7221570 194.3006 122.0709  2.41808712   558
STARLINK-3219           
1 49724U 21115A   21353.58334491  .00021533  00000+0  53202-3 0  9995
2 49724  53.2163 238.8404 0001677  51.8106  97.3722 15.40455764  3025
STARLINK-3218           
1 49725U 21115B   21353.58334491  .00019409  00000+0  48070-3 0  9992
2 49725  53.2161 238.8441 0001333  55.5543  91.5544 15.40452576  3026
STARLINK-3237           
1 49726U 21115C   21353.58334491 -.00660192  00000+0 -21409-1 0  9991
2 49726  53.2173 238.9542 0001649  38.4969  52.7650 15.33829027  3023
STARLINK-3242           
1 49727U 21115D   21353.58334491 -.00660176  00000+0 -21559-1 0  9990
2 49727  53.2173 238.9569 0001637  40.0524  45.2928 15.33608959  3020
STARLINK-3240           
1 49728U 21115E   21353.58334491 -.00659553  00000+0 -21699-1 0  9993
2 49728  53.2173 238.9575 0001250  62.3304  17.7884 15.33375671  3029
STARLINK-3251           
1 49729U 21115F   21353.58334491 -.00659296  00000+0 -21850-1 0  9997
2 49729  53.2173 238.9581 0001495  44.1928  30.5601 15.33142498  3825
STARLINK-3249           
1 49730U 21115G   21353.58334491 -.00658744  00000+0 -22156-1 0  9996
2 49730  53.2173 238.9580 0001253  60.8863   2.7164 15.32676264  3020
STARLINK-3228           
1 49731U 21115H   21353.58334491 -.00659024  00000+0 -22003-1 0  9990
2 49731  53.2173 238.9582 0001307  55.5945  13.6530 15.32909396  3028
STARLINK-3246           
1 49732U 21115J   21353.58334491 -.00657705  00000+0 -22612-1 0  9991
2 49732  53.2173 238.9557 0001238  60.8462 344.9854 15.31976766  3020
STARLINK-3252           
1 49733U 21115K   21353.58334491 -.00658387  00000+0 -22307-1 0  9990
2 49733  53.2173 238.9576 0001202  66.7461 351.0723 15.32443119  3023
STARLINK-3238           
1 49734U 21115L   21353.58334491  .00022725  00000+0  56096-3 0  9994
2 49734  53.2151 238.8610 0001205  60.2075  77.4437 15.40449491  3020
STARLINK-3113           
1 49735U 21115M   21353.50869547 -.00312380  00000+0 -10049-1 0  9999
2 49735  53.2159 239.3536 0001837  63.5859 296.5332 15.33033551  2709
STARLINK-3148           
1 49736U 21115N   21353.58334491  .00025064  00000+0  61732-3 0  9998
2 49736  53.2152 238.8674 0001374  53.7160  80.7617 15.40458966  3824
STARLINK-3225           
1 49737U 21115P   21353.58334491  .00026407  00000+0  65003-3 0  9996
2 49737  53.2155 238.8637 0001419  68.7121  67.8803 15.40446175  3024
STARLINK-3143           
1 49738U 21115Q   21353.58334491  .00045793  00000+0  11173-2 0  9994
2 49738  53.2148 238.8691 0001383  57.7928  75.6238 15.40444035  3022
STARLINK-3155           
1 49739U 21115R   21353.58334491 -.00657326  00000+0 -22746-1 0  9995
2 49739  53.2172 238.9575 0001208  64.0011 334.1063 15.31769368  3020
STARLINK-3226           
1 49740U 21115S   21353.58334491  .00068022  00000+0  16511-2 0  9998
2 49740  53.2149 238.8751 0001497  52.6756  77.6136 15.40425773  3029
STARLINK-3244           
1 49741U 21115T   21353.49462816 -.00000284  00000+0  28965-5 0  9998
2 49741  53.2166 239.2894 0001760  46.2397 313.8754 15.40468573  2705
STARLINK-3202           
1 49742U 21115U   21353.58334491  .00024409  00000+0  60157-3 0  9997
2 49742  53.2147 238.8791 0001671  48.9688  79.2159 15.40454919  3026
STARLINK-3239           
1 49743U 21115V   21353.58334491  .00019783  00000+0  48973-3 0  9999
2 49743  53.2152 238.8734 0001534  48.6067  82.7337 15.40454017  3022
STARLINK-3231           
1 49744U 21115W   21353.58334491  .00022904  00000+0  56526-3 0  9992
2 49744  53.2147 238.8830 0001593  42.8552  83.2439 15.40451864  3020
STARLINK-3241           
1 49745U 21115X   21353.58334491  .00044622  00000+0  10890-2 0  9997
2 49745  53.2151 238.8776 0001534  45.7275  83.4892 15.40447815  3020
STARLINK-3233           
1 49746U 21115Y   21353.58334491  .00023835  00000+0  58758-3 0  9997
2 49746  53.2146 238.8872 0001441  53.8806  70.1027 15.40461000  3024
STARLINK-3247           
1 49747U 21115Z   21353.58334491  .00044878  00000+0  10951-2 0  9990
2 49747  53.2150 238.8818 0001679  45.0726  82.0317 15.40449216  3026
STARLINK-3248           
1 49748U 21115AA  21353.58334491  .00055376  00000+0  13475-2 0  9990
2 49748  53.2145 238.8912 0001363  59.7684  62.0934 15.40441599  3020
STARLINK-3250           
1 49749U 21115AB  21353.58334491  .00027547  00000+0  67740-3 0  9995
2 49749  53.2149 238.8857 0001492  56.2618  68.7635 15.40453434  3027
STARLINK-3236           
1 49750U 21115AC  21353.58334491  .00055373  00000+0  13477-2 0  9992
2 49750  53.2145 238.8952 0001561  55.7377  64.0670 15.40435441  3019
STARLINK-3229           
1 49751U 21115AD  21353.58334491  .00018345  00000+0  45497-3 0  9999
2 49751  53.2148 238.8897 0001510  45.7826  77.1727 15.40451155  3022
STARLINK-3209           
1 49752U 21115AE  21353.58334491  .00058683  00000+0  14270-2 0  9993
2 49752  53.2143 238.8991 0001568  44.9534  72.7239 15.40436507  3026
STARLINK-3200           
1 49753U 21115AF  21353.58334491  .00027812  00000+0  68383-3 0  9999
2 49753  53.2146 238.8935 0001451  55.2727  65.5626 15.40452373  3027
STARLINK-3193           
1 49754U 21115AG  21353.58334491  .00017914  00000+0  44433-3 0  9992
2 49754  53.2142 238.9032 0001428  50.1747  65.4042 15.40465799  3020
STARLINK-3210           
1 49755U 21115AH  21353.58334491  .00029613  00000+0  72723-3 0  9995
2 49755  53.2147 238.8977 0001441  55.9490  62.7641 15.40456057  3017
STARLINK-3207           
1 49756U 21115AJ  21353.58334491  .00045779  00000+0  11168-2 0  9992
2 49756  53.2142 238.9072 0001929  39.5790  73.8957 15.40447896  3027
STARLINK-3197           
1 49757U 21115AK  21353.58334491  .00027573  00000+0  67819-3 0  9990
2 49757  53.2146 238.9016 0001717  47.1719  69.4815 15.40446012  3024
STARLINK-3194           
1 49758U 21115AL  21353.58334491  .00045846  00000+0  11184-2 0  9997
2 49758  53.2140 238.9112 0001603  49.8765  61.4857 15.40448738  3025
STARLINK-3204           
1 49759U 21115AM  21353.58334491  .00056697  00000+0  13792-2 0  9991
2 49759  53.2145 238.9057 0001507  51.3244  63.1863 15.40440718  3028
STARLINK-3199           
1 49760U 21115AN  21353.58334491  .00020274  00000+0  50147-3 0  9991
2 49760  53.2139 238.9153 0001440  53.9153  55.3535 15.40462592  3026
STARLINK-3203           
1 49761U 21115AP  21353.58334491  .00024997  00000+0  61585-3 0  9996
2 49761  53.2144 238.9096 0001722  41.9033  70.5480 15.40451413  3024
STARLINK-3195           
1 49762U 21115AQ  21353.58334491  .00019592  00000+0  48513-3 0  9998
2 49762  53.2139 238.9192 0001345  57.2241  49.9743 15.40452395  3020
STARLINK-3198           
1 49763U 21115AR  21353.58334491  .00029635  00000+0  72784-3 0  9995
2 49763  53.2141 238.9138 0001517  55.7922  54.5342 15.40452489  3025
STARLINK-3206           
1 49764U 21115AS  21353.58334491  .00020243  00000+0  50080-3 0  9997
2 49764  53.2137 238.9232 0001460  57.1383  47.9554 15.40457386  3022
STARLINK-3227           
1 49765U 21115AT  21353.58334491  .00059382  00000+0  14437-2 0  9999
2 49765  53.2142 238.9176 0001288  57.2439  50.9876 15.40437706  3022
STARLINK-3190           
1 49766U 21115AU  21353.58334491  .00023045  00000+0  56875-3 0  9990
2 49766  53.2137 238.9249 0001465  51.9215  52.1483 15.40446943  3029
STARLINK-3192           
1 49767U 21115AV  21353.58334491  .00053541  00000+0  13035-2 0  9995
2 49767  53.2140 238.9218 0001250  55.6312  50.5017 15.40441393  3020
STARLINK-3196           
1 49768U 21115AW  21353.58334491  .00066625  00000+0  16178-2 0  9994
2 49768  53.2134 238.9288 0001681  38.1987  63.7687 15.40423750  3018
STARLINK-3208           
1 49769U 21115AX  21353.58334491  .00065383  00000+0  15874-2 0  9997
2 49769  53.2139 238.9277 0001690  41.2271  61.7577 15.40436814  3025
STARLINK-3191           
1 49770U 21115AY  21353.58334491  .00022792  00000+0  56243-3 0  9992
2 49770  53.2134 238.9310 0001665  36.0407  64.8510 15.40458010  3017
STARLINK-3201           
1 49771U 21115AZ  21353.58334491  .00018188  00000+0  45117-3 0  9995
2 49771  53.2139 238.9339 0001413  53.6790  46.1890 15.40451184  3014
GLOBAL-12               
1 49772U 21115BA  21353.40009123  .00008639  00000+0  19173-3 0  9991
2 49772  53.2143 239.4051 0013228 345.8368  14.2266 15.44513255  2699
GLOBAL-13               
1 49773U 21115BB  21353.39954168  .00008644  00000+0  19153-3 0  9992
2 49773  53.2149 239.4018 0013078 346.8037  13.2626 15.44564966  2690
FALCON 9 DEB            
1 49774U 21115BC  21353.39643120  .00009770  00000+0  21311-3 0  9996
2 49774  53.2183 239.3921 0012382 344.4286  15.6339 15.44871318  2697
FALCON 9 DEB            
1 49775U 21115BD  21353.40583902  .00008048  00000+0  18259-3 0  9994
2 49775  53.2119 239.4386 0012962   1.9741 358.1315 15.43966057  2691
FALCON 9 DEB            
1 49776U 21115BE  21353.40301323  .00008393  00000+0  18817-3 0  9993
2 49776  53.2100 239.4169 0014622 352.9733   7.1067 15.44235574  2695
FALCON 9 DEB            
1 49777U 21115BF  21353.39361473  .00007439  00000+0  16326-3 0  9997
2 49777  53.2071 239.3522 0010434 340.9303  19.1312 15.45111909  2694
FALCON 9 DEB            
1 49778U 21115BG  21353.39116128  .00009746  00000+0  20907-3 0  9996
2 49778  53.2062 239.3346 0012829 334.2814  25.7555 15.45364787  2698
GSAT0223 (GALILEO 27)   
1 49809U 21116A   21351.87026767 -.00000077  00000+0  00000+0 0  9999
2 49809  57.1089  26.0032 0022716  80.9947 283.3633  1.68525596   218
GSAT0224 (GALILEO 28)   
1 49810U 21116B   21350.10257477 -.00000085  00000+0  00000+0 0  9999
2 49810  57.0794  26.0743 0009466 212.8002 147.2058  1.67734900   181
FREGAT R/B              
1 49811U 21116C   21344.13948422 -.00000097  00000+0  00000+0 0  9996
2 49811  57.1130  26.1987 0001770 202.5899 157.4724  1.67779966    92
2021-117A               
1 49812U 21117A   21353.50397057  .00002123  00000+0  89453-4 0  9996
2 49812  97.4054  66.3706 0011673 251.5712 166.2281 15.24386813  1888
2021-117B               
1 49813U 21117B   21353.58799057  .00003232  00000+0  13666-3 0  9995
2 49813  97.4056  66.4445 0010963 241.6328 254.5060 15.23893077  1897
2021-117C               
1 49814U 21117C   21353.71184686  .00006296  00000+0  26183-3 0  9998
2 49814  97.4052  66.5687 0012516 241.4050 220.3811 15.24063773  1910
2021-117D               
1 49815U 21117D   21353.51651317  .00004547  00000+0  18773-3 0  9990
2 49815  97.4052  66.3830 0014640 247.1648 240.6554 15.24437529  1884
2021-117E               
1 49816U 21117E   21353.51025765  .00005303  00000+0  21378-3 0  9999
2 49816  97.4061  66.3909 0016095 256.1937 228.3687 15.25145930  1882
STPSAT-6                
1 49817U 21118A   21353.47206538 -.00000025  00000+0  00000+0 0  9997
2 49817   0.0165 286.8886 0000684 353.3820 226.3093  1.00271383   113
LDPE-1                  
1 49818U 21118B   21353.49756564  .00000115  00000+0  00000+0 0  9998
2 49818   0.0105 207.8112 0003869 300.8625 352.9530  0.99591542   123
ATLAS 5 CENTAUR R/B     
1 49819U 21118C   21352.57110180 -.00000073  00000+0  00000+0 0  9999
2 49819   0.0611 159.8836 0288045 102.9361  93.9035  0.94817889   115
SOYUZ-MS 20             
1 49922U 21119A   21352.56953225  .00304746  00000+0  53258-2 0  9998
2 49922  51.6380 151.0053 0004327 331.9982  69.4519 15.49004231  7179
2021-120A               
1 49949U 21120A   21353.37337306  .00010174  00000+0  22298-3 0  9995
2 49949  42.0154 311.9065 0006520 334.5309  25.5211 15.44092906  1601
2021-120B               
1 49950U 21120B   21353.30496156  .00010857  00000+0  23290-3 0  9990
2 49950  42.0152 312.2564 0008941 334.8612  25.1794 15.44655313  1584
2021-120C               
1 49951U 21120C   21353.36278854  .00078556  00000+0  15474-2 0  9994
2 49951  42.0161 311.8412 0010424 330.3735  29.6516 15.46198156  1601
ELECTRON KICK STAGE R/B 
1 49953U 21120E   21348.24934278  .12583667  81711-5  57118-3 0  9999
2 49953  42.0242 339.1822 0053099 116.2646 244.3699 16.35251462   806
IXPE                    
1 49954U 21121A   21353.08307203  .00001358  00000+0  59348-4 0  9994
2 49954   0.2297 266.5076 0011376 164.8480 288.7679 14.90744226  1472
2021-122A               
1 49961U 21122A   21353.63562540  .00003661  00000+0  11047-3 0  9993
2 49961  97.3544   6.0667 0010801 241.9193 118.0958 15.34876495  1473
2021-122B               
1 49962U 21122B   21353.63975997  .00002552  00000+0  79373-4 0  9993
2 49962  97.3552   6.0616 0010132 226.5488 133.4913 15.34212263  1479
2021-122C               
1 49963U 21122C   21353.53916155  .00015464  00000+0  46865-3 0  9999
2 49963  97.3581   5.9614 0010475 221.8666 298.0909 15.34178755  1452
CZ-4B R/B               
1 49964U 21122D   21353.58241045  .00067026  33493-5  45577-3 0  9992
2 49964  97.2686   6.3180 0124966 331.7240  27.7272 15.64907289  1490
2021-123A               
1 50001U 21123A   21352.07419744 -.00000134  00000+0  00000+0 0  9991
2 50001   1.6824 274.1331 4455345 178.9889 184.2468  1.04783020    64
2021-123B               
1 50002U 21123B   21352.07461083 -.00000135  00000+0  00000+0 0  9996
2 50002   1.6598 274.0885 4453489 179.0286 184.1483  1.04762288    43
BREEZE-M R/B            
1 50003U 21123C   21351.92060473 -.00000168  00000+0  00000+0 0  9994
2 50003   1.3837 267.7286 4664908 187.4722 164.3630  1.07952992   128
BREEZE-M DEB [TANK]     
1 50004U 21123D   21350.09498473 -.00001732  00000+0 -19233-2 0  9997
2 50004  49.4999 271.9360 6362492 180.8443 177.2840  3.41176242    91
TIANLIAN 2-02           
1 50005U 21124A   21348.99644782 -.00010393 -51462-6 -54955-3 0  9991
2 50005  27.0563 321.7699 7308878 180.8188 353.2869  2.28030750    33
CZ-3B R/B               
1 50006U 21124B   21353.31749211  .00063804  39749-6  41572-3 0  9994
2 50006  27.0322 320.1348 7235297 182.8697 167.9329  2.39577265   144
